<?xml version="1.0"?>
<opencv_storage>
<classifications type_id="opencv-matrix">
  <rows>60</rows>
  <cols>1</cols>
  <dt>i</dt>
  <data>
    99 99 99 99 99 99 99 99 99 99 98 98 98 98 98 98 98 98 98 98 97 97 97
    97 97 97 97 97 97 97 50 50 50 50 50 50 50 50 50 50 49 49 49 49 49 49
    49 49 49 49 48 48 48 48 48 48 48 48 48 48</data></classifications>
</opencv_storage>
