<?xml version="1.0"?>
<opencv_storage>
<classifications type_id="opencv-matrix">
  <rows>71</rows>
  <cols>1</cols>
  <dt>i</dt>
  <data>
    122 122 100 122 100 122 122 100 122 122 100 100 100 100 100 100 100
    100 100 100 99 99 99 99 99 99 99 99 99 99 99 99 122 98 98 98 98 98
    98 98 98 97 97 97 97 98 98 98 98 98 98 97 97 97 97 97 97 97 97 97 97
    97 97 97 97 97 97 97 97 97 97</data></classifications>
</opencv_storage>
