<?xml version="1.0"?>
<opencv_storage>
<classifications type_id="opencv-matrix">
  <rows>59</rows>
  <cols>1</cols>
  <dt>i</dt>
  <data>
    51 51 122 122 122 122 122 122 122 122 51 51 51 51 51 52 51 52 52 52
    52 52 50 52 50 52 52 50 50 50 50 50 50 50 49 49 49 49 49 49 49 49 49
    49 49 49 49 49 49 48 48 48 48 48 48 48 48 48 48</data></classifications>
</opencv_storage>
